1.383501478535377194e+00
1.206770246417469661e+00
1.016291362590301839e+00
8.631961379766669440e-01
7.713760301689198684e-01
7.105059402535173207e-01
6.636605937613191397e-01
6.175548009366679247e-01
5.772531038216045518e-01
5.398437245699413412e-01
5.097819798018062842e-01
4.790253494449921434e-01
4.523992475403831870e-01
4.266466804707519933e-01
4.010811918903678941e-01
3.792994719584394381e-01
3.585807729226551110e-01
3.354453973367180764e-01
3.178702244799039289e-01
2.962550974741993692e-01
2.787308719659132850e-01
2.602056333151107625e-01
2.439623925407647664e-01
2.279227422842111939e-01
2.110074723150648646e-01
1.985879411948210382e-01
1.854752891320337882e-01
1.721621870257862008e-01
1.609976926465663538e-01
1.476618815432954590e-01
